2406.540000,5509.710000
2406.540000,5509.710000

3685.430000,6717.410000
3685.430000,6717.410000

7660.860000,1554.170000
7660.860000,1554.170000

906.650000,7670.370000
906.650000,7670.370000

617.760000,9590.240000
617.760000,9590.240000

501.190000,8071.240000
501.190000,8071.240000

8158.830000,3755.470000
8158.830000,3755.470000

7908.170000,4528.250000
7908.170000,4528.250000

962.750000,7304.000000
962.750000,7304.000000

337.580000,81.460000
337.580000,81.460000

1992.060000,657.930000
1992.060000,657.930000

9754.340000,6317.620000
9754.340000,6317.620000

815.650000,40.690000
815.650000,40.690000

1052.690000,8094.150000
1052.690000,8094.150000

3097.820000,4967.430000
3097.820000,4967.430000

7037.305000,1031.530000
7037.305000,1031.530000

3294.980000,4665.020000
3294.980000,4665.020000

6683.170000,5653.590000
6683.170000,5653.590000

6283.950000,9237.510000
6283.950000,9237.510000

1578.950000,6398.900000
1578.950000,6398.900000

476.430000,7621.170000
476.430000,7621.170000

6097.320000,5418.480000
6097.320000,5418.480000

2181.100000,1054.870000
2181.100000,1054.870000

4535.050000,4473.350000
4535.050000,4473.350000

6477.090000,2447.100000
6477.090000,2447.100000

1558.810000,318.130000
1558.810000,318.130000

4582.160000,5632.070000
4582.160000,5632.070000

7256.970000,1745.960000
7256.970000,1745.960000

7957.480000,4880.690000
7957.480000,4880.690000

7555.090000,3978.090000
7555.090000,3978.090000

8093.060000,972.370000
8093.060000,972.370000

2228.600000,1562.870000
2228.600000,1562.870000

7410.090000,9708.570000
7410.090000,9708.570000

3360.680000,4446.320000
3360.680000,4446.320000

1934.870000,2178.770000
1934.870000,2178.770000

916.930000,341.210000
916.930000,341.210000

9961.000000,7574.150000
9961.000000,7574.150000

2062.040000,3566.820000
2062.040000,3566.820000

529.780000,7914.110000
529.780000,7914.110000

8142.600000,3231.110000
8142.600000,3231.110000

4498.140000,8779.150000
4498.140000,8779.150000

8415.350000,4183.370000
8415.350000,4183.370000

3722.530000,88.520000
3722.530000,88.520000

5348.970000,1626.310000
5348.970000,1626.310000

3793.370000,9370.030000
3793.370000,9370.030000

3786.510000,2022.400000
3786.510000,2022.400000

1325.670000,2967.450000
1325.670000,2967.450000

2411.310000,3633.490000
2411.310000,3633.490000

9976.810000,354.370000
9969.000000,236.630000

4073.160000,3756.090000
4073.160000,3756.090000

352.410000,2505.430000
352.410000,2505.430000

6815.700000,4711.730000
6815.700000,4711.730000

9057.720000,333.450000
9057.720000,333.450000

2966.980000,4686.380000
2966.980000,4686.380000

2894.450000,3527.730000
2894.450000,3527.730000

9325.320000,7317.430000
9325.320000,7317.430000

2467.530000,7770.940000
2467.530000,7770.940000

2887.430000,3119.990000
2887.430000,3119.990000

4707.630000,2549.710000
4707.630000,2549.710000

3945.980000,6109.730000
3945.980000,6109.730000

2833.990000,6128.410000
2833.990000,6128.410000

5234.340000,8458.180000
5285.540000,8543.560000

4998.360000,4031.830000
4955.750000,4083.820000

6455.230000,1524.420000
6455.230000,1524.420000

3252.100000,699.180000
3252.100000,699.180000

6702.280000,6285.540000
6702.280000,6285.540000

5732.830000,6527.980000
5732.830000,6527.980000

1648.870000,4477.260000
1648.870000,4477.260000

8269.800000,8611.530000
8269.800000,8611.530000

9183.790000,4701.590000
9183.790000,4701.590000

7896.180000,647.420000
7896.180000,647.420000

4170.770000,2402.770000
4170.770000,2402.770000

5955.790000,5256.800000
5955.790000,5256.800000

9381.500000,299.650000
9381.500000,299.650000

131.460000,7743.520000
131.460000,7743.520000

5702.400000,20.420000
5702.400000,20.420000

1312.910000,684.480000
1312.910000,684.480000

7428.810000,4746.480000
7428.810000,4746.480000

7968.985000,9138.930000
7968.985000,9138.930000

832.400000,3567.000000
832.400000,3567.000000

6669.200000,4523.350000
6669.200000,4523.350000

1844.360000,3337.540000
1844.360000,3337.540000

7830.440000,210.090000
7830.440000,210.090000

3654.480000,3331.910000
3654.480000,3331.910000

4111.680000,6544.150000
4111.680000,6544.150000

6670.670000,9541.750000
6670.670000,9541.750000

8788.910000,6605.610000
8788.910000,6605.610000

5499.420000,4731.460000
5499.420000,4731.460000

6900.160000,8898.890000
6900.160000,8898.890000

4573.370000,9813.050000
4573.370000,9813.050000

6443.930000,4301.520000
6443.930000,4301.520000

2650.000000,5091.820000
2650.000000,5091.820000

2992.610000,7337.640000
2992.610000,7337.640000

2753.260000,1415.210000
2753.260000,1415.210000

2673.210000,5915.280000
2673.210000,5915.280000

1340.550000,431.290000
1340.550000,431.290000

9478.530000,9854.640000
9478.530000,9854.640000

702.360000,3795.120000
702.360000,3795.120000

4348.320000,9593.320000
4348.320000,9593.320000

9256.950000,6869.540000
9256.950000,6869.540000

6966.370000,5908.360000
6966.370000,5908.360000

3832.330000,4189.580000
3832.330000,4189.580000

1925.960000,1322.960000
1925.960000,1322.960000

3267.000000,1098.950000
3267.000000,1098.950000

2041.340000,7375.600000
2041.340000,7375.600000

8249.080000,7434.650000
8249.080000,7434.650000

2542.770000,5927.430000
2542.770000,5927.430000

4252.180000,6824.220000
4252.180000,6824.220000

426.270000,2314.310000
426.270000,2314.310000

7173.740000,4104.820000
7173.740000,4104.820000

9274.960000,8087.450000
9274.960000,8087.450000

7013.220000,28.920000
7013.220000,28.920000

8884.660000,633.840000
8884.660000,633.840000

9726.570000,6559.960000
9726.570000,6559.960000

1284.990000,7395.360000
1284.990000,7395.360000

153.650000,5826.490000
153.650000,5826.490000

3190.160000,8923.980000
3190.160000,8923.980000

2595.090000,2311.440000
2595.090000,2311.440000

9691.020000,7035.470000
9691.020000,7035.470000

420.620000,521.200000
420.620000,521.200000

68.930000,938.660000
68.930000,938.660000

4604.950000,3719.330000
4604.950000,3719.330000

1519.510000,1216.610000
1519.510000,1216.610000

4892.840000,2832.220000
4892.840000,2832.220000

7063.130000,8983.420000
7063.130000,8983.420000

7209.490000,1111.850000
7209.490000,1111.850000

6144.360000,7523.490000
6144.360000,7523.490000

2255.590000,9974.590000
2255.590000,9974.590000

7422.100000,7905.020000
7422.100000,7905.020000

2312.330000,6679.360000
2312.330000,6679.360000

7384.440000,7283.820000
7384.440000,7283.820000

5515.400000,5900.210000
5515.400000,5900.210000

91.530000,9289.340000
91.530000,9289.340000

5581.440000,897.450000
5581.440000,897.450000

5474.220000,4524.100000
5474.220000,4524.100000

6495.350000,785.290000
6495.350000,785.290000

4275.930000,3808.040000
4275.930000,3808.040000

9078.860000,3282.330000
9078.860000,3282.330000

4392.810000,3283.820000
4392.810000,3283.820000

4889.330000,3742.440000
4889.330000,3742.440000

6959.000000,4456.000000
6959.000000,4456.000000

5484.290000,3904.350000
5484.290000,3904.350000

9550.050000,4781.850000
9550.050000,4781.850000

396.400000,1801.250000
396.400000,1801.250000

2069.990000,3720.660000
2069.990000,3720.660000

2673.210000,5915.280000
2607.990000,5921.355000

2542.770000,5927.430000
2607.990000,5921.355000

2673.210000,5915.280000
2607.990000,5921.355000

2542.770000,5927.430000
2607.990000,5921.355000

2062.040000,3566.820000
2066.015000,3643.740000

2069.990000,3720.660000
2066.015000,3643.740000

2062.040000,3566.820000
2066.015000,3643.740000

2069.990000,3720.660000
2066.015000,3643.740000

501.190000,8071.240000
515.485000,7992.675000

529.780000,7914.110000
515.485000,7992.675000

501.190000,8071.240000
515.485000,7992.675000

529.780000,7914.110000
515.485000,7992.675000

6900.160000,8898.890000
6981.645000,8941.155000

7063.130000,8983.420000
6981.645000,8941.155000

6900.160000,8898.890000
6981.645000,8941.155000

7063.130000,8983.420000
6981.645000,8941.155000

7037.305000,1031.530000
7123.397500,1071.690000

7209.490000,1111.850000
7123.397500,1071.690000

7037.305000,1031.530000
7123.397500,1071.690000

7209.490000,1111.850000
7123.397500,1071.690000

352.410000,2505.430000
389.340000,2409.870000

426.270000,2314.310000
389.340000,2409.870000

352.410000,2505.430000
389.340000,2409.870000

426.270000,2314.310000
389.340000,2409.870000

5499.420000,4731.460000
5486.820000,4627.780000

5474.220000,4524.100000
5486.820000,4627.780000

5499.420000,4731.460000
5486.820000,4627.780000

5474.220000,4524.100000
5486.820000,4627.780000

4073.160000,3756.090000
4174.545000,3782.065000

4275.930000,3808.040000
4174.545000,3782.065000

4073.160000,3756.090000
4174.545000,3782.065000

4275.930000,3808.040000
4174.545000,3782.065000

6097.320000,5418.480000
6026.555000,5337.640000

5955.790000,5256.800000
6026.555000,5337.640000

6097.320000,5418.480000
6026.555000,5337.640000

5955.790000,5256.800000
6026.555000,5337.640000

3294.980000,4665.020000
3327.830000,4555.670000

3360.680000,4446.320000
3327.830000,4555.670000

3294.980000,4665.020000
3327.830000,4555.670000

3360.680000,4446.320000
3327.830000,4555.670000

6815.700000,4711.730000
6742.450000,4617.540000

6669.200000,4523.350000
6742.450000,4617.540000

6815.700000,4711.730000
6742.450000,4617.540000

6669.200000,4523.350000
6742.450000,4617.540000

9754.340000,6317.620000
9740.455000,6438.790000

9726.570000,6559.960000
9740.455000,6438.790000

9754.340000,6317.620000
9740.455000,6438.790000

9726.570000,6559.960000
9740.455000,6438.790000

1558.810000,318.130000
1449.680000,374.710000

1340.550000,431.290000
1449.680000,374.710000

1558.810000,318.130000
1449.680000,374.710000

1340.550000,431.290000
1449.680000,374.710000

1340.550000,431.290000
1333.640000,494.587500

1340.550000,431.290000
1333.640000,494.587500

1326.730000,557.885000
1333.640000,494.587500

1312.910000,684.480000
1319.820000,621.182500

1312.910000,684.480000
1319.820000,621.182500

1326.730000,557.885000
1319.820000,621.182500

832.400000,3567.000000
799.890000,3624.030000

832.400000,3567.000000
799.890000,3624.030000

767.380000,3681.060000
799.890000,3624.030000

702.360000,3795.120000
734.870000,3738.090000

702.360000,3795.120000
734.870000,3738.090000

767.380000,3681.060000
734.870000,3738.090000

2673.210000,5915.280000
2713.405000,5968.562500

2673.210000,5915.280000
2713.405000,5968.562500

2607.990000,5921.355000
2713.405000,5968.562500

2753.600000,6021.845000
2713.405000,5968.562500

2833.990000,6128.410000
2793.795000,6075.127500

2833.990000,6128.410000
2793.795000,6075.127500

2753.600000,6021.845000
2793.795000,6075.127500

6959.000000,4456.000000
6904.862500,4496.385000

6959.000000,4456.000000
6904.862500,4496.385000

6850.725000,4536.770000
6904.862500,4496.385000

6742.450000,4617.540000
6796.587500,4577.155000

6850.725000,4536.770000
6796.587500,4577.155000

4604.950000,3719.330000
4676.045000,3725.107500

4604.950000,3719.330000
4676.045000,3725.107500

4747.140000,3730.885000
4676.045000,3725.107500

4889.330000,3742.440000
4818.235000,3736.662500

4889.330000,3742.440000
4818.235000,3736.662500

4747.140000,3730.885000
4818.235000,3736.662500

476.430000,7621.170000
489.767500,7694.405000

476.430000,7621.170000
489.767500,7694.405000

503.105000,7767.640000
489.767500,7694.405000

529.780000,7914.110000
516.442500,7840.875000

529.780000,7914.110000
516.442500,7840.875000

503.105000,7767.640000
516.442500,7840.875000

4998.360000,4031.830000
4971.102500,3959.482500

4943.845000,3887.135000
4971.102500,3959.482500

4889.330000,3742.440000
4916.587500,3814.787500

4889.330000,3742.440000
4916.587500,3814.787500

4943.845000,3887.135000
4916.587500,3814.787500

3097.820000,4967.430000
3065.110000,4897.167500

3097.820000,4967.430000
3065.110000,4897.167500

3032.400000,4826.905000
3065.110000,4897.167500

2966.980000,4686.380000
2999.690000,4756.642500

2966.980000,4686.380000
2999.690000,4756.642500

3032.400000,4826.905000
2999.690000,4756.642500

3294.980000,4665.020000
3229.335000,4705.491250

3294.980000,4665.020000
3229.335000,4705.491250

3163.690000,4745.962500
3229.335000,4705.491250

3032.400000,4826.905000
3098.045000,4786.433750

3065.110000,4897.167500
3098.045000,4786.433750

2999.690000,4756.642500
3098.045000,4786.433750

3163.690000,4745.962500
3098.045000,4786.433750

4111.680000,6544.150000
4146.805000,6614.167500

4111.680000,6544.150000
4146.805000,6614.167500

4181.930000,6684.185000
4146.805000,6614.167500

4252.180000,6824.220000
4217.055000,6754.202500

4252.180000,6824.220000
4217.055000,6754.202500

4181.930000,6684.185000
4217.055000,6754.202500

4348.320000,9593.320000
4404.582500,9648.252500

4348.320000,9593.320000
4404.582500,9648.252500

4460.845000,9703.185000
4404.582500,9648.252500

4573.370000,9813.050000
4517.107500,9758.117500

4573.370000,9813.050000
4517.107500,9758.117500

4460.845000,9703.185000
4517.107500,9758.117500

2062.040000,3566.820000
2007.620000,3509.500000

2062.040000,3566.820000
2007.620000,3509.500000

1953.200000,3452.180000
2007.620000,3509.500000

1844.360000,3337.540000
1898.780000,3394.860000

1844.360000,3337.540000
1898.780000,3394.860000

1953.200000,3452.180000
1898.780000,3394.860000

6669.200000,4523.350000
6612.882500,4467.892500

6669.200000,4523.350000
6612.882500,4467.892500

6556.565000,4412.435000
6612.882500,4467.892500

6443.930000,4301.520000
6500.247500,4356.977500

6443.930000,4301.520000
6500.247500,4356.977500

6556.565000,4412.435000
6500.247500,4356.977500

815.650000,40.690000
840.970000,115.820000

815.650000,40.690000
840.970000,115.820000

866.290000,190.950000
840.970000,115.820000

916.930000,341.210000
891.610000,266.080000

916.930000,341.210000
891.610000,266.080000

866.290000,190.950000
891.610000,266.080000

9381.500000,299.650000
9300.555000,308.100000

9381.500000,299.650000
9300.555000,308.100000

9219.610000,316.550000
9300.555000,308.100000

9057.720000,333.450000
9138.665000,325.000000

9057.720000,333.450000
9138.665000,325.000000

9219.610000,316.550000
9138.665000,325.000000

1284.990000,7395.360000
1204.430000,7372.520000

1284.990000,7395.360000
1204.430000,7372.520000

1123.870000,7349.680000
1204.430000,7372.520000

962.750000,7304.000000
1043.310000,7326.840000

962.750000,7304.000000
1043.310000,7326.840000

1123.870000,7349.680000
1043.310000,7326.840000

4892.840000,2832.220000
4846.537500,2761.592500

4892.840000,2832.220000
4846.537500,2761.592500

4800.235000,2690.965000
4846.537500,2761.592500

4707.630000,2549.710000
4753.932500,2620.337500

4707.630000,2549.710000
4753.932500,2620.337500

4800.235000,2690.965000
4753.932500,2620.337500

4604.950000,3719.330000
4522.695000,3741.507500

4604.950000,3719.330000
4522.695000,3741.507500

4440.440000,3763.685000
4522.695000,3741.507500

4275.930000,3808.040000
4358.185000,3785.862500

4275.930000,3808.040000
4358.185000,3785.862500

4440.440000,3763.685000
4358.185000,3785.862500

2411.310000,3633.490000
2324.986250,3636.052500

2411.310000,3633.490000
2324.986250,3636.052500

2238.662500,3638.615000
2324.986250,3636.052500

2062.040000,3566.820000
2152.338750,3641.177500

2069.990000,3720.660000
2152.338750,3641.177500

2062.040000,3566.820000
2152.338750,3641.177500

2069.990000,3720.660000
2152.338750,3641.177500

2066.015000,3643.740000
2152.338750,3641.177500

2238.662500,3638.615000
2152.338750,3641.177500

8884.660000,633.840000
8927.925000,558.742500

8884.660000,633.840000
8927.925000,558.742500

8971.190000,483.645000
8927.925000,558.742500

9057.720000,333.450000
9014.455000,408.547500

9057.720000,333.450000
9014.455000,408.547500

8971.190000,483.645000
9014.455000,408.547500

7908.170000,4528.250000
7920.497500,4616.360000

7908.170000,4528.250000
7920.497500,4616.360000

7932.825000,4704.470000
7920.497500,4616.360000

7957.480000,4880.690000
7945.152500,4792.580000

7957.480000,4880.690000
7945.152500,4792.580000

7932.825000,4704.470000
7945.152500,4792.580000

476.430000,7621.170000
400.190625,7706.683750

476.430000,7621.170000
400.190625,7706.683750

503.105000,7767.640000
400.190625,7706.683750

489.767500,7694.405000
400.190625,7706.683750

310.613750,7718.962500
400.190625,7706.683750

131.460000,7743.520000
221.036875,7731.241250

131.460000,7743.520000
221.036875,7731.241250

310.613750,7718.962500
221.036875,7731.241250

962.750000,7304.000000
1009.145000,7412.722500

962.750000,7304.000000
1009.145000,7412.722500

1043.310000,7326.840000
1009.145000,7412.722500

974.980000,7498.605000
1009.145000,7412.722500

906.650000,7670.370000
940.815000,7584.487500

906.650000,7670.370000
940.815000,7584.487500

974.980000,7498.605000
940.815000,7584.487500

1925.960000,1322.960000
1989.745000,1255.937500

1925.960000,1322.960000
1989.745000,1255.937500

2053.530000,1188.915000
1989.745000,1255.937500

2181.100000,1054.870000
2117.315000,1121.892500

2181.100000,1054.870000
2117.315000,1121.892500

2053.530000,1188.915000
2117.315000,1121.892500

9183.790000,4701.590000
9275.355000,4721.655000

9183.790000,4701.590000
9275.355000,4721.655000

9366.920000,4741.720000
9275.355000,4721.655000

9550.050000,4781.850000
9458.485000,4761.785000

9550.050000,4781.850000
9458.485000,4761.785000

9366.920000,4741.720000
9458.485000,4761.785000

8093.060000,972.370000
8043.840000,891.132500

8093.060000,972.370000
8043.840000,891.132500

7994.620000,809.895000
8043.840000,891.132500

7896.180000,647.420000
7945.400000,728.657500

7896.180000,647.420000
7945.400000,728.657500

7994.620000,809.895000
7945.400000,728.657500

6966.370000,5908.360000
6895.570000,5844.667500

6966.370000,5908.360000
6895.570000,5844.667500

6824.770000,5780.975000
6895.570000,5844.667500

6683.170000,5653.590000
6753.970000,5717.282500

6683.170000,5653.590000
6753.970000,5717.282500

6824.770000,5780.975000
6753.970000,5717.282500

1925.960000,1322.960000
2001.620000,1382.937500

1925.960000,1322.960000
2001.620000,1382.937500

2077.280000,1442.915000
2001.620000,1382.937500

2228.600000,1562.870000
2152.940000,1502.892500

2228.600000,1562.870000
2152.940000,1502.892500

2077.280000,1442.915000
2152.940000,1502.892500

3267.000000,1098.950000
3263.275000,999.007500

3267.000000,1098.950000
3263.275000,999.007500

3259.550000,899.065000
3263.275000,999.007500

3252.100000,699.180000
3255.825000,799.122500

3252.100000,699.180000
3255.825000,799.122500

3259.550000,899.065000
3255.825000,799.122500

7555.090000,3978.090000
7459.752500,4009.772500

7555.090000,3978.090000
7459.752500,4009.772500

7364.415000,4041.455000
7459.752500,4009.772500

7173.740000,4104.820000
7269.077500,4073.137500

7173.740000,4104.820000
7269.077500,4073.137500

7364.415000,4041.455000
7269.077500,4073.137500

2887.430000,3119.990000
2889.185000,3221.925000

2887.430000,3119.990000
2889.185000,3221.925000

2890.940000,3323.860000
2889.185000,3221.925000

2894.450000,3527.730000
2892.695000,3425.795000

2894.450000,3527.730000
2892.695000,3425.795000

2890.940000,3323.860000
2892.695000,3425.795000

7173.740000,4104.820000
7120.055000,4192.615000

7173.740000,4104.820000
7120.055000,4192.615000

7066.370000,4280.410000
7120.055000,4192.615000

6959.000000,4456.000000
7012.685000,4368.205000

6959.000000,4456.000000
7012.685000,4368.205000

7066.370000,4280.410000
7012.685000,4368.205000

906.650000,7670.370000
805.763750,7694.687500

906.650000,7670.370000
805.763750,7694.687500

704.877500,7719.005000
805.763750,7694.687500

503.105000,7767.640000
603.991250,7743.322500

489.767500,7694.405000
603.991250,7743.322500

704.877500,7719.005000
603.991250,7743.322500

1925.960000,1322.960000
1824.347500,1296.372500

1925.960000,1322.960000
1824.347500,1296.372500

1722.735000,1269.785000
1824.347500,1296.372500

1519.510000,1216.610000
1621.122500,1243.197500

1519.510000,1216.610000
1621.122500,1243.197500

1722.735000,1269.785000
1621.122500,1243.197500

1340.550000,431.290000
1234.645000,408.770000

1340.550000,431.290000
1234.645000,408.770000

1128.740000,386.250000
1234.645000,408.770000

916.930000,341.210000
1022.835000,363.730000

916.930000,341.210000
1022.835000,363.730000

1128.740000,386.250000
1022.835000,363.730000

2406.540000,5509.710000
2440.597500,5614.140000

2406.540000,5509.710000
2440.597500,5614.140000

2474.655000,5718.570000
2440.597500,5614.140000

2542.770000,5927.430000
2508.712500,5823.000000

2542.770000,5927.430000
2508.712500,5823.000000

2474.655000,5718.570000
2508.712500,5823.000000

1992.060000,657.930000
2039.320000,757.165000

1992.060000,657.930000
2039.320000,757.165000

2086.580000,856.400000
2039.320000,757.165000

2181.100000,1054.870000
2133.840000,955.635000

2181.100000,1054.870000
2133.840000,955.635000

2086.580000,856.400000
2133.840000,955.635000

7830.440000,210.090000
7846.875000,319.422500

7830.440000,210.090000
7846.875000,319.422500

7863.310000,428.755000
7846.875000,319.422500

7896.180000,647.420000
7879.745000,538.087500

7896.180000,647.420000
7879.745000,538.087500

7863.310000,428.755000
7879.745000,538.087500

7660.860000,1554.170000
7559.887500,1602.117500

7660.860000,1554.170000
7559.887500,1602.117500

7458.915000,1650.065000
7559.887500,1602.117500

7256.970000,1745.960000
7357.942500,1698.012500

7256.970000,1745.960000
7357.942500,1698.012500

7458.915000,1650.065000
7357.942500,1698.012500

420.620000,521.200000
399.860000,411.265000

420.620000,521.200000
399.860000,411.265000

379.100000,301.330000
399.860000,411.265000

337.580000,81.460000
358.340000,191.395000

337.580000,81.460000
358.340000,191.395000

379.100000,301.330000
358.340000,191.395000

1052.690000,8094.150000
1016.180000,7988.205000

1052.690000,8094.150000
1016.180000,7988.205000

979.670000,7882.260000
1016.180000,7988.205000

906.650000,7670.370000
943.160000,7776.315000

906.650000,7670.370000
943.160000,7776.315000

979.670000,7882.260000
943.160000,7776.315000

9325.320000,7317.430000
9308.227500,7205.457500

9325.320000,7317.430000
9308.227500,7205.457500

9291.135000,7093.485000
9308.227500,7205.457500

9256.950000,6869.540000
9274.042500,6981.512500

9256.950000,6869.540000
9274.042500,6981.512500

9291.135000,7093.485000
9274.042500,6981.512500

9291.135000,7093.485000
9391.106250,7078.981250

9491.077500,7064.477500
9391.106250,7078.981250

9691.020000,7035.470000
9591.048750,7049.973750

9691.020000,7035.470000
9591.048750,7049.973750

9491.077500,7064.477500
9591.048750,7049.973750

3065.110000,4897.167500
2961.332500,4945.830625

2857.555000,4994.493750
2961.332500,4945.830625

2650.000000,5091.820000
2753.777500,5043.156875

2650.000000,5091.820000
2753.777500,5043.156875

2857.555000,4994.493750
2753.777500,5043.156875

4111.680000,6544.150000
4005.117500,6587.465000

4111.680000,6544.150000
4005.117500,6587.465000

3898.555000,6630.780000
4005.117500,6587.465000

3685.430000,6717.410000
3791.992500,6674.095000

3685.430000,6717.410000
3791.992500,6674.095000

3898.555000,6630.780000
3791.992500,6674.095000

6702.280000,6285.540000
6768.302500,6191.245000

6702.280000,6285.540000
6768.302500,6191.245000

6834.325000,6096.950000
6768.302500,6191.245000

6966.370000,5908.360000
6900.347500,6002.655000

6966.370000,5908.360000
6900.347500,6002.655000

6834.325000,6096.950000
6900.347500,6002.655000

3945.980000,6109.730000
3987.405000,6218.335000

3945.980000,6109.730000
3987.405000,6218.335000

4028.830000,6326.940000
3987.405000,6218.335000

4111.680000,6544.150000
4070.255000,6435.545000

4111.680000,6544.150000
4070.255000,6435.545000

4028.830000,6326.940000
4070.255000,6435.545000

4392.810000,3283.820000
4425.281250,3398.241875

4392.810000,3283.820000
4425.281250,3398.241875

4457.752500,3512.663750
4425.281250,3398.241875

4522.695000,3741.507500
4490.223750,3627.085625

4457.752500,3512.663750
4490.223750,3627.085625

9726.570000,6559.960000
9717.682500,6678.837500

9726.570000,6559.960000
9717.682500,6678.837500

9708.795000,6797.715000
9717.682500,6678.837500

9691.020000,7035.470000
9699.907500,6916.592500

9691.020000,7035.470000
9699.907500,6916.592500

9708.795000,6797.715000
9699.907500,6916.592500

815.650000,40.690000
696.132500,50.882500

815.650000,40.690000
696.132500,50.882500

576.615000,61.075000
696.132500,50.882500

337.580000,81.460000
457.097500,71.267500

337.580000,81.460000
457.097500,71.267500

576.615000,61.075000
457.097500,71.267500

2650.000000,5091.820000
2589.135000,5196.292500

2650.000000,5091.820000
2589.135000,5196.292500

2528.270000,5300.765000
2589.135000,5196.292500

2406.540000,5509.710000
2467.405000,5405.237500

2406.540000,5509.710000
2467.405000,5405.237500

2528.270000,5300.765000
2467.405000,5405.237500

6670.670000,9541.750000
6573.990000,9465.690000

6670.670000,9541.750000
6573.990000,9465.690000

6477.310000,9389.630000
6573.990000,9465.690000

6283.950000,9237.510000
6380.630000,9313.570000

6283.950000,9237.510000
6380.630000,9313.570000

6477.310000,9389.630000
6380.630000,9313.570000

2894.450000,3527.730000
2773.665000,3554.170000

2894.450000,3527.730000
2773.665000,3554.170000

2652.880000,3580.610000
2773.665000,3554.170000

2411.310000,3633.490000
2532.095000,3607.050000

2411.310000,3633.490000
2532.095000,3607.050000

2652.880000,3580.610000
2532.095000,3607.050000

4073.160000,3756.090000
4012.952500,3864.462500

4073.160000,3756.090000
4012.952500,3864.462500

3952.745000,3972.835000
4012.952500,3864.462500

3832.330000,4189.580000
3892.537500,4081.207500

3832.330000,4189.580000
3892.537500,4081.207500

3952.745000,3972.835000
3892.537500,4081.207500

8415.350000,4183.370000
8351.220000,4076.395000

8415.350000,4183.370000
8351.220000,4076.395000

8287.090000,3969.420000
8351.220000,4076.395000

8158.830000,3755.470000
8222.960000,3862.445000

8158.830000,3755.470000
8222.960000,3862.445000

8287.090000,3969.420000
8222.960000,3862.445000

4998.360000,4031.830000
5059.101250,4015.895000

4955.750000,4083.820000
5059.101250,4015.895000

4971.102500,3959.482500
5059.101250,4015.895000

5119.842500,3999.960000
5059.101250,4015.895000

5241.325000,3968.090000
5180.583750,3984.025000

5119.842500,3999.960000
5180.583750,3984.025000

5241.325000,3968.090000
5302.066250,3952.155000

5362.807500,3936.220000
5302.066250,3952.155000

5484.290000,3904.350000
5423.548750,3920.285000

5484.290000,3904.350000
5423.548750,3920.285000

5362.807500,3936.220000
5423.548750,3920.285000

7680.817500,4725.475000
7617.815625,4730.726250

7554.813750,4735.977500
7617.815625,4730.726250

7428.810000,4746.480000
7491.811875,4741.228750

7428.810000,4746.480000
7491.811875,4741.228750

7554.813750,4735.977500
7491.811875,4741.228750

7680.817500,4725.475000
7743.819375,4720.223750

7806.821250,4714.972500
7743.819375,4720.223750

7932.825000,4704.470000
7869.823125,4709.721250

7920.497500,4616.360000
7869.823125,4709.721250

7945.152500,4792.580000
7869.823125,4709.721250

7806.821250,4714.972500
7869.823125,4709.721250

396.400000,1801.250000
400.133750,1865.382500

396.400000,1801.250000
400.133750,1865.382500

403.867500,1929.515000
400.133750,1865.382500

411.335000,2057.780000
407.601250,1993.647500

403.867500,1929.515000
407.601250,1993.647500

426.270000,2314.310000
422.536250,2250.177500

426.270000,2314.310000
422.536250,2250.177500

418.802500,2186.045000
422.536250,2250.177500

411.335000,2057.780000
415.068750,2121.912500

418.802500,2186.045000
415.068750,2121.912500

8158.830000,3755.470000
8156.801250,3689.925000

8158.830000,3755.470000
8156.801250,3689.925000

8154.772500,3624.380000
8156.801250,3689.925000

8150.715000,3493.290000
8152.743750,3558.835000

8154.772500,3624.380000
8152.743750,3558.835000

8142.600000,3231.110000
8144.628750,3296.655000

8142.600000,3231.110000
8144.628750,3296.655000

8146.657500,3362.200000
8144.628750,3296.655000

8150.715000,3493.290000
8148.686250,3427.745000

8146.657500,3362.200000
8148.686250,3427.745000

3832.330000,4189.580000
3773.373750,4221.672500

3832.330000,4189.580000
3773.373750,4221.672500

3714.417500,4253.765000
3773.373750,4221.672500

3596.505000,4317.950000
3655.461250,4285.857500

3714.417500,4253.765000
3655.461250,4285.857500

3360.680000,4446.320000
3419.636250,4414.227500

3360.680000,4446.320000
3419.636250,4414.227500

3478.592500,4382.135000
3419.636250,4414.227500

3596.505000,4317.950000
3537.548750,4350.042500

3478.592500,4382.135000
3537.548750,4350.042500

8788.910000,6605.610000
8847.415000,6638.601250

8788.910000,6605.610000
8847.415000,6638.601250

8905.920000,6671.592500
8847.415000,6638.601250

9022.930000,6737.575000
8964.425000,6704.583750

8905.920000,6671.592500
8964.425000,6704.583750

9256.950000,6869.540000
9198.445000,6836.548750

9256.950000,6869.540000
9198.445000,6836.548750

9139.940000,6803.557500
9198.445000,6836.548750

9022.930000,6737.575000
9081.435000,6770.566250

9139.940000,6803.557500
9081.435000,6770.566250

3978.640000,2212.585000
3930.607500,2165.038750

3882.575000,2117.492500
3930.607500,2165.038750

3786.510000,2022.400000
3834.542500,2069.946250

3786.510000,2022.400000
3834.542500,2069.946250

3882.575000,2117.492500
3834.542500,2069.946250

3978.640000,2212.585000
4026.672500,2260.131250

4074.705000,2307.677500
4026.672500,2260.131250

4170.770000,2402.770000
4122.737500,2355.223750

4170.770000,2402.770000
4122.737500,2355.223750

4074.705000,2307.677500
4122.737500,2355.223750

2753.260000,1415.210000
2687.677500,1433.667500

2753.260000,1415.210000
2687.677500,1433.667500

2622.095000,1452.125000
2687.677500,1433.667500

2490.930000,1489.040000
2556.512500,1470.582500

2622.095000,1452.125000
2556.512500,1470.582500

2490.930000,1489.040000
2425.347500,1507.497500

2359.765000,1525.955000
2425.347500,1507.497500

2228.600000,1562.870000
2294.182500,1544.412500

2228.600000,1562.870000
2294.182500,1544.412500

2359.765000,1525.955000
2294.182500,1544.412500

68.930000,938.660000
112.891250,886.477500

68.930000,938.660000
112.891250,886.477500

156.852500,834.295000
112.891250,886.477500

244.775000,729.930000
200.813750,782.112500

156.852500,834.295000
200.813750,782.112500

244.775000,729.930000
288.736250,677.747500

332.697500,625.565000
288.736250,677.747500

420.620000,521.200000
376.658750,573.382500

420.620000,521.200000
376.658750,573.382500

332.697500,625.565000
376.658750,573.382500

1992.060000,657.930000
1937.903750,615.455000

1992.060000,657.930000
1937.903750,615.455000

1883.747500,572.980000
1937.903750,615.455000

1775.435000,488.030000
1829.591250,530.505000

1883.747500,572.980000
1829.591250,530.505000

1558.810000,318.130000
1612.966250,360.605000

1558.810000,318.130000
1612.966250,360.605000

1667.122500,403.080000
1612.966250,360.605000

1775.435000,488.030000
1721.278750,445.555000

1667.122500,403.080000
1721.278750,445.555000

7193.905000,4601.240000
7252.631250,4637.550000

7311.357500,4673.860000
7252.631250,4637.550000

7428.810000,4746.480000
7370.083750,4710.170000

7428.810000,4746.480000
7370.083750,4710.170000

7311.357500,4673.860000
7370.083750,4710.170000

6959.000000,4456.000000
7017.726250,4492.310000

6959.000000,4456.000000
7017.726250,4492.310000

6904.862500,4496.385000
7017.726250,4492.310000

7012.685000,4368.205000
7017.726250,4492.310000

7076.452500,4528.620000
7017.726250,4492.310000

7193.905000,4601.240000
7135.178750,4564.930000

7076.452500,4528.620000
7135.178750,4564.930000

4707.630000,2549.710000
4640.522500,2531.342500

4707.630000,2549.710000
4640.522500,2531.342500

4573.415000,2512.975000
4640.522500,2531.342500

4439.200000,2476.240000
4506.307500,2494.607500

4573.415000,2512.975000
4506.307500,2494.607500

4439.200000,2476.240000
4372.092500,2457.872500

4304.985000,2439.505000
4372.092500,2457.872500

4170.770000,2402.770000
4237.877500,2421.137500

4170.770000,2402.770000
4237.877500,2421.137500

4304.985000,2439.505000
4237.877500,2421.137500

4745.400000,4278.585000
4692.812500,4327.276250

4640.225000,4375.967500
4692.812500,4327.276250

4535.050000,4473.350000
4587.637500,4424.658750

4535.050000,4473.350000
4587.637500,4424.658750

4640.225000,4375.967500
4587.637500,4424.658750

4745.400000,4278.585000
4797.987500,4229.893750

4850.575000,4181.202500
4797.987500,4229.893750

4955.750000,4083.820000
4903.162500,4132.511250

4850.575000,4181.202500
4903.162500,4132.511250

2254.435000,7573.270000
2307.708750,7622.687500

2360.982500,7672.105000
2307.708750,7622.687500

2467.530000,7770.940000
2414.256250,7721.522500

2467.530000,7770.940000
2414.256250,7721.522500

2360.982500,7672.105000
2414.256250,7721.522500

2041.340000,7375.600000
2094.613750,7425.017500

2041.340000,7375.600000
2094.613750,7425.017500

2147.887500,7474.435000
2094.613750,7425.017500

2254.435000,7573.270000
2201.161250,7523.852500

2147.887500,7474.435000
2201.161250,7523.852500

9381.500000,299.650000
9454.937500,291.772500

9381.500000,299.650000
9454.937500,291.772500

9528.375000,283.895000
9454.937500,291.772500

9675.250000,268.140000
9601.812500,276.017500

9528.375000,283.895000
9601.812500,276.017500

9969.000000,236.630000
9895.562500,244.507500

9822.125000,252.385000
9895.562500,244.507500

9675.250000,268.140000
9748.687500,260.262500

9822.125000,252.385000
9748.687500,260.262500

7209.490000,1111.850000
7240.668125,1179.126875

7209.490000,1111.850000
7240.668125,1179.126875

7271.846250,1246.403750
7240.668125,1179.126875

7334.202500,1380.957500
7303.024375,1313.680625

7271.846250,1246.403750
7303.024375,1313.680625

7458.915000,1650.065000
7427.736875,1582.788125

7396.558750,1515.511250
7427.736875,1582.788125

7334.202500,1380.957500
7365.380625,1448.234375

7396.558750,1515.511250
7365.380625,1448.234375

6766.327500,908.410000
6834.071875,939.190000

6901.816250,969.970000
6834.071875,939.190000

7037.305000,1031.530000
6969.560625,1000.750000

7037.305000,1031.530000
6969.560625,1000.750000

6901.816250,969.970000
6969.560625,1000.750000

6766.327500,908.410000
6698.583125,877.630000

6630.838750,846.850000
6698.583125,877.630000

6495.350000,785.290000
6563.094375,816.070000

6495.350000,785.290000
6563.094375,816.070000

6630.838750,846.850000
6563.094375,816.070000

3654.480000,3331.910000
3706.815000,3384.932500

3654.480000,3331.910000
3706.815000,3384.932500

3759.150000,3437.955000
3706.815000,3384.932500

3863.820000,3544.000000
3811.485000,3490.977500

3759.150000,3437.955000
3811.485000,3490.977500

4073.160000,3756.090000
4020.825000,3703.067500

4073.160000,3756.090000
4020.825000,3703.067500

3968.490000,3650.045000
4020.825000,3703.067500

3863.820000,3544.000000
3916.155000,3597.022500

3968.490000,3650.045000
3916.155000,3597.022500

5388.143125,4238.127500
5409.662344,4309.620625

5431.181562,4381.113750
5409.662344,4309.620625

5474.220000,4524.100000
5452.700781,4452.606875

5474.220000,4524.100000
5452.700781,4452.606875

5431.181562,4381.113750
5452.700781,4452.606875

5388.143125,4238.127500
5366.623906,4166.634375

5345.104688,4095.141250
5366.623906,4166.634375

5241.325000,3968.090000
5323.585469,4023.648125

5362.807500,3936.220000
5323.585469,4023.648125

5302.066250,3952.155000
5323.585469,4023.648125

5345.104688,4095.141250
5323.585469,4023.648125

4070.845000,9481.675000
4001.476250,9453.763750

3932.107500,9425.852500
4001.476250,9453.763750

3793.370000,9370.030000
3862.738750,9397.941250

3793.370000,9370.030000
3862.738750,9397.941250

3932.107500,9425.852500
3862.738750,9397.941250

4070.845000,9481.675000
4140.213750,9509.586250

4209.582500,9537.497500
4140.213750,9509.586250

4348.320000,9593.320000
4278.951250,9565.408750

4348.320000,9593.320000
4278.951250,9565.408750

4209.582500,9537.497500
4278.951250,9565.408750

9691.020000,7035.470000
9724.767500,7102.805000

9691.020000,7035.470000
9724.767500,7102.805000

9758.515000,7170.140000
9724.767500,7102.805000

9826.010000,7304.810000
9792.262500,7237.475000

9758.515000,7170.140000
9792.262500,7237.475000

9961.000000,7574.150000
9927.252500,7506.815000

9961.000000,7574.150000
9927.252500,7506.815000

9893.505000,7439.480000
9927.252500,7506.815000

9826.010000,7304.810000
9859.757500,7372.145000

9893.505000,7439.480000
9859.757500,7372.145000

3267.000000,1098.950000
3202.782500,1138.482500

3267.000000,1098.950000
3202.782500,1138.482500

3138.565000,1178.015000
3202.782500,1138.482500

3010.130000,1257.080000
3074.347500,1217.547500

3138.565000,1178.015000
3074.347500,1217.547500

2753.260000,1415.210000
2817.477500,1375.677500

2753.260000,1415.210000
2817.477500,1375.677500

2881.695000,1336.145000
2817.477500,1375.677500

3010.130000,1257.080000
2945.912500,1296.612500

2881.695000,1336.145000
2945.912500,1296.612500

354.645000,9439.790000
420.423750,9477.402500

486.202500,9515.015000
420.423750,9477.402500

617.760000,9590.240000
551.981250,9552.627500

617.760000,9590.240000
551.981250,9552.627500

486.202500,9515.015000
551.981250,9552.627500

91.530000,9289.340000
157.308750,9326.952500

91.530000,9289.340000
157.308750,9326.952500

223.087500,9364.565000
157.308750,9326.952500

354.645000,9439.790000
288.866250,9402.177500

223.087500,9364.565000
288.866250,9402.177500

8119.392500,8875.230000
8156.994375,8809.305000

8194.596250,8743.380000
8156.994375,8809.305000

8269.800000,8611.530000
8232.198125,8677.455000

8269.800000,8611.530000
8232.198125,8677.455000

8194.596250,8743.380000
8232.198125,8677.455000

7968.985000,9138.930000
8006.586875,9073.005000

7968.985000,9138.930000
8006.586875,9073.005000

8044.188750,9007.080000
8006.586875,9073.005000

8119.392500,8875.230000
8081.790625,8941.155000

8044.188750,9007.080000
8081.790625,8941.155000

8161.760000,4355.810000
8225.157500,4312.700000

8288.555000,4269.590000
8225.157500,4312.700000

8415.350000,4183.370000
8351.952500,4226.480000

8415.350000,4183.370000
8351.952500,4226.480000

8288.555000,4269.590000
8351.952500,4226.480000

7908.170000,4528.250000
7971.567500,4485.140000

7908.170000,4528.250000
7971.567500,4485.140000

8034.965000,4442.030000
7971.567500,4485.140000

8161.760000,4355.810000
8098.362500,4398.920000

8034.965000,4442.030000
8098.362500,4398.920000

7422.100000,7905.020000
7417.392500,7827.370000

7422.100000,7905.020000
7417.392500,7827.370000

7412.685000,7749.720000
7417.392500,7827.370000

7403.270000,7594.420000
7407.977500,7672.070000

7412.685000,7749.720000
7407.977500,7672.070000

7384.440000,7283.820000
7389.147500,7361.470000

7384.440000,7283.820000
7389.147500,7361.470000

7393.855000,7439.120000
7389.147500,7361.470000

7403.270000,7594.420000
7398.562500,7516.770000

7393.855000,7439.120000
7398.562500,7516.770000

6683.170000,5653.590000
6609.938750,5624.201250

6683.170000,5653.590000
6609.938750,5624.201250

6536.707500,5594.812500
6609.938750,5624.201250

6390.245000,5536.035000
6463.476250,5565.423750

6536.707500,5594.812500
6463.476250,5565.423750

6097.320000,5418.480000
6170.551250,5447.868750

6097.320000,5418.480000
6170.551250,5447.868750

6243.782500,5477.257500
6170.551250,5447.868750

6390.245000,5536.035000
6317.013750,5506.646250

6243.782500,5477.257500
6317.013750,5506.646250

1325.670000,2967.450000
1390.506250,3013.711250

1325.670000,2967.450000
1390.506250,3013.711250

1455.342500,3059.972500
1390.506250,3013.711250

1585.015000,3152.495000
1520.178750,3106.233750

1455.342500,3059.972500
1520.178750,3106.233750

1844.360000,3337.540000
1779.523750,3291.278750

1844.360000,3337.540000
1779.523750,3291.278750

1714.687500,3245.017500
1779.523750,3291.278750

1585.015000,3152.495000
1649.851250,3198.756250

1714.687500,3245.017500
1649.851250,3198.756250

6688.735000,9144.260000
6741.591250,9082.917500

6794.447500,9021.575000
6741.591250,9082.917500

6900.160000,8898.890000
6847.303750,8960.232500

6900.160000,8898.890000
6847.303750,8960.232500

6794.447500,9021.575000
6847.303750,8960.232500

6688.735000,9144.260000
6635.878750,9205.602500

6583.022500,9266.945000
6635.878750,9205.602500

6477.310000,9389.630000
6530.166250,9328.287500

6583.022500,9266.945000
6530.166250,9328.287500

5624.115000,6214.095000
5596.936250,6135.623750

5569.757500,6057.152500
5596.936250,6135.623750

5515.400000,5900.210000
5542.578750,5978.681250

5515.400000,5900.210000
5542.578750,5978.681250

5569.757500,6057.152500
5542.578750,5978.681250

5732.830000,6527.980000
5705.651250,6449.508750

5732.830000,6527.980000
5705.651250,6449.508750

5678.472500,6371.037500
5705.651250,6449.508750

5624.115000,6214.095000
5651.293750,6292.566250

5678.472500,6371.037500
5651.293750,6292.566250

2264.980000,2245.105000
2182.452500,2228.521250

2099.925000,2211.937500
2182.452500,2228.521250

1934.870000,2178.770000
2017.397500,2195.353750

1934.870000,2178.770000
2017.397500,2195.353750

2099.925000,2211.937500
2017.397500,2195.353750

2264.980000,2245.105000
2347.507500,2261.688750

2430.035000,2278.272500
2347.507500,2261.688750

2595.090000,2311.440000
2512.562500,2294.856250

2595.090000,2311.440000
2512.562500,2294.856250

2430.035000,2278.272500
2512.562500,2294.856250

2164.262500,1887.403750
2148.178125,1968.537187

2132.093750,2049.670625
2148.178125,1968.537187

2099.925000,2211.937500
2116.009375,2130.804062

2182.452500,2228.521250
2116.009375,2130.804062

2017.397500,2195.353750
2116.009375,2130.804062

2132.093750,2049.670625
2116.009375,2130.804062

2164.262500,1887.403750
2180.346875,1806.270312

2196.431250,1725.136875
2180.346875,1806.270312

2228.600000,1562.870000
2212.515625,1644.003438

2228.600000,1562.870000
2212.515625,1644.003438

2196.431250,1725.136875
2212.515625,1644.003438

4892.840000,2832.220000
4830.336250,2888.670000

4892.840000,2832.220000
4830.336250,2888.670000

4767.832500,2945.120000
4830.336250,2888.670000

4642.825000,3058.020000
4705.328750,3001.570000

4767.832500,2945.120000
4705.328750,3001.570000

4642.825000,3058.020000
4580.321250,3114.470000

4517.817500,3170.920000
4580.321250,3114.470000

4392.810000,3283.820000
4455.313750,3227.370000

4392.810000,3283.820000
4455.313750,3227.370000

4517.817500,3170.920000
4455.313750,3227.370000

2467.530000,7770.940000
2533.165000,7716.777500

2467.530000,7770.940000
2533.165000,7716.777500

2414.256250,7721.522500
2533.165000,7716.777500

2598.800000,7662.615000
2533.165000,7716.777500

2730.070000,7554.290000
2664.435000,7608.452500

2598.800000,7662.615000
2664.435000,7608.452500

2992.610000,7337.640000
2926.975000,7391.802500

2992.610000,7337.640000
2926.975000,7391.802500

2861.340000,7445.965000
2926.975000,7391.802500

2730.070000,7554.290000
2795.705000,7500.127500

2861.340000,7445.965000
2795.705000,7500.127500

6455.230000,1524.420000
6494.117188,1447.418750

6455.230000,1524.420000
6494.117188,1447.418750

6533.004375,1370.417500
6494.117188,1447.418750

6610.778750,1216.415000
6571.891562,1293.416250

6533.004375,1370.417500
6571.891562,1293.416250

6766.327500,908.410000
6727.440313,985.411250

6834.071875,939.190000
6727.440313,985.411250

6698.583125,877.630000
6727.440313,985.411250

6688.553125,1062.412500
6727.440313,985.411250

6610.778750,1216.415000
6649.665937,1139.413750

6688.553125,1062.412500
6649.665937,1139.413750

5499.420000,4731.460000
5556.466250,4797.127500

5499.420000,4731.460000
5556.466250,4797.127500

5613.512500,4862.795000
5556.466250,4797.127500

5727.605000,4994.130000
5670.558750,4928.462500

5613.512500,4862.795000
5670.558750,4928.462500

5955.790000,5256.800000
5898.743750,5191.132500

5955.790000,5256.800000
5898.743750,5191.132500

5841.697500,5125.465000
5898.743750,5191.132500

5727.605000,4994.130000
5784.651250,5059.797500

5841.697500,5125.465000
5784.651250,5059.797500

8093.060000,972.370000
8039.035000,1045.095000

8093.060000,972.370000
8039.035000,1045.095000

7985.010000,1117.820000
8039.035000,1045.095000

7876.960000,1263.270000
7930.985000,1190.545000

7985.010000,1117.820000
7930.985000,1190.545000

7660.860000,1554.170000
7714.885000,1481.445000

7660.860000,1554.170000
7714.885000,1481.445000

7768.910000,1408.720000
7714.885000,1481.445000

7876.960000,1263.270000
7822.935000,1335.995000

7768.910000,1408.720000
7822.935000,1335.995000

2176.835000,7027.480000
2210.708750,6940.450000

2244.582500,6853.420000
2210.708750,6940.450000

2312.330000,6679.360000
2278.456250,6766.390000

2312.330000,6679.360000
2278.456250,6766.390000

2244.582500,6853.420000
2278.456250,6766.390000

2176.835000,7027.480000
2142.961250,7114.510000

2109.087500,7201.540000
2142.961250,7114.510000

2041.340000,7375.600000
2075.213750,7288.570000

2041.340000,7375.600000
2075.213750,7288.570000

2109.087500,7201.540000
2075.213750,7288.570000

3793.370000,9370.030000
3717.968750,9314.273750

3793.370000,9370.030000
3717.968750,9314.273750

3642.567500,9258.517500
3717.968750,9314.273750

3491.765000,9147.005000
3567.166250,9202.761250

3642.567500,9258.517500
3567.166250,9202.761250

3190.160000,8923.980000
3265.561250,8979.736250

3190.160000,8923.980000
3265.561250,8979.736250

3340.962500,9035.492500
3265.561250,8979.736250

3491.765000,9147.005000
3416.363750,9091.248750

3340.962500,9035.492500
3416.363750,9091.248750

6097.320000,5418.480000
6024.580000,5478.696250

6097.320000,5418.480000
6024.580000,5478.696250

5951.840000,5538.912500
6024.580000,5478.696250

5806.360000,5659.345000
5879.100000,5599.128750

5951.840000,5538.912500
5879.100000,5599.128750

5515.400000,5900.210000
5588.140000,5839.993750

5515.400000,5900.210000
5588.140000,5839.993750

5660.880000,5779.777500
5588.140000,5839.993750

5806.360000,5659.345000
5733.620000,5719.561250

5660.880000,5779.777500
5733.620000,5719.561250

2041.340000,7375.600000
1946.796250,7378.070000

2041.340000,7375.600000
1946.796250,7378.070000

1852.252500,7380.540000
1946.796250,7378.070000

1663.165000,7385.480000
1757.708750,7383.010000

1852.252500,7380.540000
1757.708750,7383.010000

1284.990000,7395.360000
1379.533750,7392.890000

1284.990000,7395.360000
1379.533750,7392.890000

1474.077500,7390.420000
1379.533750,7392.890000

1663.165000,7385.480000
1568.621250,7387.950000

1474.077500,7390.420000
1568.621250,7387.950000

7410.090000,9708.570000
7317.662500,9687.717500

7410.090000,9708.570000
7317.662500,9687.717500

7225.235000,9666.865000
7317.662500,9687.717500

7040.380000,9625.160000
7132.807500,9646.012500

7225.235000,9666.865000
7132.807500,9646.012500

6670.670000,9541.750000
6763.097500,9562.602500

6670.670000,9541.750000
6763.097500,9562.602500

6855.525000,9583.455000
6763.097500,9562.602500

7040.380000,9625.160000
6947.952500,9604.307500

6855.525000,9583.455000
6947.952500,9604.307500

2573.160000,6403.885000
2507.952500,6472.753750

2442.745000,6541.622500
2507.952500,6472.753750

2312.330000,6679.360000
2377.537500,6610.491250

2312.330000,6679.360000
2377.537500,6610.491250

2442.745000,6541.622500
2377.537500,6610.491250

2833.990000,6128.410000
2768.782500,6197.278750

2833.990000,6128.410000
2768.782500,6197.278750

2793.795000,6075.127500
2768.782500,6197.278750

2703.575000,6266.147500
2768.782500,6197.278750

2573.160000,6403.885000
2638.367500,6335.016250

2703.575000,6266.147500
2638.367500,6335.016250

3654.480000,3331.910000
3559.037500,3330.903750

3654.480000,3331.910000
3559.037500,3330.903750

3463.595000,3329.897500
3559.037500,3330.903750

3272.710000,3327.885000
3368.152500,3328.891250

3463.595000,3329.897500
3368.152500,3328.891250

2890.940000,3323.860000
2986.382500,3324.866250

3081.825000,3325.872500
2986.382500,3324.866250

3272.710000,3327.885000
3177.267500,3326.878750

3081.825000,3325.872500
3177.267500,3326.878750

5348.970000,1626.310000
5378.028750,1535.202500

5348.970000,1626.310000
5378.028750,1535.202500

5407.087500,1444.095000
5378.028750,1535.202500

5465.205000,1261.880000
5436.146250,1352.987500

5407.087500,1444.095000
5436.146250,1352.987500

5581.440000,897.450000
5552.381250,988.557500

5581.440000,897.450000
5552.381250,988.557500

5523.322500,1079.665000
5552.381250,988.557500

5465.205000,1261.880000
5494.263750,1170.772500

5523.322500,1079.665000
5494.263750,1170.772500

3722.530000,88.520000
3663.726250,164.852500

3722.530000,88.520000
3663.726250,164.852500

3604.922500,241.185000
3663.726250,164.852500

3487.315000,393.850000
3546.118750,317.517500

3604.922500,241.185000
3546.118750,317.517500

3252.100000,699.180000
3310.903750,622.847500

3252.100000,699.180000
3310.903750,622.847500

3369.707500,546.515000
3310.903750,622.847500

3487.315000,393.850000
3428.511250,470.182500

3369.707500,546.515000
3428.511250,470.182500

9300.140000,7702.440000
9293.845000,7798.692500

9287.550000,7894.945000
9293.845000,7798.692500

9274.960000,8087.450000
9281.255000,7991.197500

9274.960000,8087.450000
9281.255000,7991.197500

9287.550000,7894.945000
9281.255000,7991.197500

9325.320000,7317.430000
9319.025000,7413.682500

9325.320000,7317.430000
9319.025000,7413.682500

9312.730000,7509.935000
9319.025000,7413.682500

9300.140000,7702.440000
9306.435000,7606.187500

9312.730000,7509.935000
9306.435000,7606.187500

1325.670000,2967.450000
1264.011250,3042.393750

1325.670000,2967.450000
1264.011250,3042.393750

1202.352500,3117.337500
1264.011250,3042.393750

1079.035000,3267.225000
1140.693750,3192.281250

1202.352500,3117.337500
1140.693750,3192.281250

832.400000,3567.000000
894.058750,3492.056250

832.400000,3567.000000
894.058750,3492.056250

955.717500,3417.112500
894.058750,3492.056250

1079.035000,3267.225000
1017.376250,3342.168750

955.717500,3417.112500
1017.376250,3342.168750

1945.640000,6539.130000
1853.967500,6504.072500

1762.295000,6469.015000
1853.967500,6504.072500

1578.950000,6398.900000
1670.622500,6433.957500

1578.950000,6398.900000
1670.622500,6433.957500

1762.295000,6469.015000
1670.622500,6433.957500

1945.640000,6539.130000
2037.312500,6574.187500

2128.985000,6609.245000
2037.312500,6574.187500

2312.330000,6679.360000
2220.657500,6644.302500

2312.330000,6679.360000
2220.657500,6644.302500

2128.985000,6609.245000
2220.657500,6644.302500

3945.980000,6109.730000
4025.502500,6050.022500

3945.980000,6109.730000
4025.502500,6050.022500

4105.025000,5990.315000
4025.502500,6050.022500

4264.070000,5870.900000
4184.547500,5930.607500

4105.025000,5990.315000
4184.547500,5930.607500

4582.160000,5632.070000
4502.637500,5691.777500

4582.160000,5632.070000
4502.637500,5691.777500

4423.115000,5751.485000
4502.637500,5691.777500

4264.070000,5870.900000
4343.592500,5811.192500

4423.115000,5751.485000
4343.592500,5811.192500

7689.537500,9423.750000
7759.399375,9352.545000

7829.261250,9281.340000
7759.399375,9352.545000

7968.985000,9138.930000
7899.123125,9210.135000

7968.985000,9138.930000
7899.123125,9210.135000

7829.261250,9281.340000
7899.123125,9210.135000

7410.090000,9708.570000
7479.951875,9637.365000

7410.090000,9708.570000
7479.951875,9637.365000

7549.813750,9566.160000
7479.951875,9637.365000

7689.537500,9423.750000
7619.675625,9494.955000

7549.813750,9566.160000
7619.675625,9494.955000

4866.240000,8618.665000
4774.215000,8658.786250

4682.190000,8698.907500
4774.215000,8658.786250

4498.140000,8779.150000
4590.165000,8739.028750

4498.140000,8779.150000
4590.165000,8739.028750

4682.190000,8698.907500
4590.165000,8739.028750

5234.340000,8458.180000
5142.315000,8498.301250

5050.290000,8538.422500
5142.315000,8498.301250

4866.240000,8618.665000
4958.265000,8578.543750

5050.290000,8538.422500
4958.265000,8578.543750

4498.140000,8779.150000
4462.070312,8873.943437

4498.140000,8779.150000
4462.070312,8873.943437

4426.000625,8968.736875
4462.070312,8873.943437

4353.861250,9158.323750
4389.930938,9063.530312

4426.000625,8968.736875
4389.930938,9063.530312

4209.582500,9537.497500
4245.652187,9442.704063

4140.213750,9509.586250
4245.652187,9442.704063

4281.721875,9347.910625
4245.652187,9442.704063

4353.861250,9158.323750
4317.791562,9253.117188

4281.721875,9347.910625
4317.791562,9253.117188

7830.440000,210.090000
7728.287500,187.443750

7830.440000,210.090000
7728.287500,187.443750

7626.135000,164.797500
7728.287500,187.443750

7421.830000,119.505000
7523.982500,142.151250

7626.135000,164.797500
7523.982500,142.151250

7013.220000,28.920000
7115.372500,51.566250

7013.220000,28.920000
7115.372500,51.566250

7217.525000,74.212500
7115.372500,51.566250

7421.830000,119.505000
7319.677500,96.858750

7217.525000,74.212500
7319.677500,96.858750

7823.821250,7475.710000
7930.135937,7465.445000

8036.450625,7455.180000
7930.135937,7465.445000

8249.080000,7434.650000
8142.765312,7444.915000

8249.080000,7434.650000
8142.765312,7444.915000

8036.450625,7455.180000
8142.765312,7444.915000

7823.821250,7475.710000
7717.506563,7485.975000

7611.191875,7496.240000
7717.506563,7485.975000

7398.562500,7516.770000
7504.877188,7506.505000

7611.191875,7496.240000
7504.877188,7506.505000

2887.430000,3119.990000
2850.887500,3018.921250

2887.430000,3119.990000
2850.887500,3018.921250

2814.345000,2917.852500
2850.887500,3018.921250

2741.260000,2715.715000
2777.802500,2816.783750

2814.345000,2917.852500
2777.802500,2816.783750

2741.260000,2715.715000
2704.717500,2614.646250

2668.175000,2513.577500
2704.717500,2614.646250

2595.090000,2311.440000
2631.632500,2412.508750

2595.090000,2311.440000
2631.632500,2412.508750

2668.175000,2513.577500
2631.632500,2412.508750

8488.860000,803.105000
8587.810000,760.788750

8686.760000,718.472500
8587.810000,760.788750

8884.660000,633.840000
8785.710000,676.156250

8884.660000,633.840000
8785.710000,676.156250

8686.760000,718.472500
8785.710000,676.156250

8488.860000,803.105000
8389.910000,845.421250

8290.960000,887.737500
8389.910000,845.421250

8093.060000,972.370000
8192.010000,930.053750

8093.060000,972.370000
8192.010000,930.053750

8290.960000,887.737500
8192.010000,930.053750

1648.870000,4477.260000
1701.510000,4382.685000

1648.870000,4477.260000
1701.510000,4382.685000

1754.150000,4288.110000
1701.510000,4382.685000

1859.430000,4098.960000
1806.790000,4193.535000

1754.150000,4288.110000
1806.790000,4193.535000

2069.990000,3720.660000
2017.350000,3815.235000

2069.990000,3720.660000
2017.350000,3815.235000

1964.710000,3909.810000
2017.350000,3815.235000

1859.430000,4098.960000
1912.070000,4004.385000

1964.710000,3909.810000
1912.070000,4004.385000

5702.400000,20.420000
5687.280000,130.048750

5702.400000,20.420000
5687.280000,130.048750

5672.160000,239.677500
5687.280000,130.048750

5641.920000,458.935000
5657.040000,349.306250

5672.160000,239.677500
5657.040000,349.306250

5641.920000,458.935000
5626.800000,568.563750

5611.680000,678.192500
5626.800000,568.563750

5581.440000,897.450000
5596.560000,787.821250

5581.440000,897.450000
5596.560000,787.821250

5611.680000,678.192500
5596.560000,787.821250

6495.350000,785.290000
6384.891250,771.902812

6495.350000,785.290000
6384.891250,771.902812

6274.432500,758.515625
6384.891250,771.902812

6053.515000,731.741250
6163.973750,745.128438

6274.432500,758.515625
6163.973750,745.128438

5611.680000,678.192500
5722.138750,691.579688

5832.597500,704.966875
5722.138750,691.579688

6053.515000,731.741250
5943.056250,718.354063

5832.597500,704.966875
5943.056250,718.354063

68.930000,938.660000
109.863750,1046.483750

68.930000,938.660000
109.863750,1046.483750

150.797500,1154.307500
109.863750,1046.483750

232.665000,1369.955000
191.731250,1262.131250

150.797500,1154.307500
191.731250,1262.131250

396.400000,1801.250000
355.466250,1693.426250

396.400000,1801.250000
355.466250,1693.426250

314.532500,1585.602500
355.466250,1693.426250

232.665000,1369.955000
273.598750,1477.778750

314.532500,1585.602500
273.598750,1477.778750

6466.160000,1985.760000
6468.892500,2101.095000

6471.625000,2216.430000
6468.892500,2101.095000

6477.090000,2447.100000
6474.357500,2331.765000

6477.090000,2447.100000
6474.357500,2331.765000

6471.625000,2216.430000
6474.357500,2331.765000

6466.160000,1985.760000
6463.427500,1870.425000

6460.695000,1755.090000
6463.427500,1870.425000

6455.230000,1524.420000
6457.962500,1639.755000

6455.230000,1524.420000
6457.962500,1639.755000

6460.695000,1755.090000
6457.962500,1639.755000

6815.700000,4711.730000
6771.672031,4818.441719

6815.700000,4711.730000
6771.672031,4818.441719

6727.644062,4925.153437
6771.672031,4818.441719

6639.588125,5138.576875
6683.616094,5031.865156

6727.644062,4925.153437
6683.616094,5031.865156

6463.476250,5565.423750
6507.504219,5458.712031

6551.532187,5352.000313
6507.504219,5458.712031

6639.588125,5138.576875
6595.560156,5245.288594

6551.532187,5352.000313
6595.560156,5245.288594

8415.350000,4183.370000
8511.405000,4248.147500

8415.350000,4183.370000
8511.405000,4248.147500

8607.460000,4312.925000
8511.405000,4248.147500

8799.570000,4442.480000
8703.515000,4377.702500

8607.460000,4312.925000
8703.515000,4377.702500

9183.790000,4701.590000
9087.735000,4636.812500

9183.790000,4701.590000
9087.735000,4636.812500

8991.680000,4572.035000
9087.735000,4636.812500

8799.570000,4442.480000
8895.625000,4507.257500

8991.680000,4572.035000
8895.625000,4507.257500

3685.430000,6717.410000
3598.827500,6794.938750

3685.430000,6717.410000
3598.827500,6794.938750

3512.225000,6872.467500
3598.827500,6794.938750

3339.020000,7027.525000
3425.622500,6949.996250

3512.225000,6872.467500
3425.622500,6949.996250

2992.610000,7337.640000
3079.212500,7260.111250

2992.610000,7337.640000
3079.212500,7260.111250

3165.815000,7182.582500
3079.212500,7260.111250

3339.020000,7027.525000
3252.417500,7105.053750

3165.815000,7182.582500
3252.417500,7105.053750

9078.860000,3282.330000
8962.081094,3284.120625

9078.860000,3282.330000
8962.081094,3284.120625

8845.302188,3285.911250
8962.081094,3284.120625

8611.744375,3289.492500
8728.523281,3287.701875

8845.302188,3285.911250
8728.523281,3287.701875

8144.628750,3296.655000
8261.407656,3294.864375

8378.186562,3293.073750
8261.407656,3294.864375

8611.744375,3289.492500
8494.965469,3291.283125

8378.186562,3293.073750
8494.965469,3291.283125

8249.080000,7434.650000
8316.558750,7331.020000

8249.080000,7434.650000
8316.558750,7331.020000

8384.037500,7227.390000
8316.558750,7331.020000

8518.995000,7020.130000
8451.516250,7123.760000

8384.037500,7227.390000
8451.516250,7123.760000

8788.910000,6605.610000
8721.431250,6709.240000

8788.910000,6605.610000
8721.431250,6709.240000

8653.952500,6812.870000
8721.431250,6709.240000

8518.995000,7020.130000
8586.473750,6916.500000

8653.952500,6812.870000
8586.473750,6916.500000

5835.712500,6776.857500
5861.433125,6839.076875

5887.153750,6901.296250
5861.433125,6839.076875

5938.595000,7025.735000
5912.874375,6963.515625

5887.153750,6901.296250
5912.874375,6963.515625

5732.830000,6527.980000
5758.550625,6590.199375

5732.830000,6527.980000
5758.550625,6590.199375

5784.271250,6652.418750
5758.550625,6590.199375

5835.712500,6776.857500
5809.991875,6714.638125

5784.271250,6652.418750
5809.991875,6714.638125

6041.477500,7274.612500
6015.756875,7212.393125

5990.036250,7150.173750
6015.756875,7212.393125

5938.595000,7025.735000
5964.315625,7087.954375

5990.036250,7150.173750
5964.315625,7087.954375

6041.477500,7274.612500
6067.198125,7336.831875

6092.918750,7399.051250
6067.198125,7336.831875

6144.360000,7523.490000
6118.639375,7461.270625

6144.360000,7523.490000
6118.639375,7461.270625

6092.918750,7399.051250
6118.639375,7461.270625

8057.875000,8434.902500
8004.893750,8390.745625

7951.912500,8346.588750
8004.893750,8390.745625

7845.950000,8258.275000
7898.931250,8302.431875

7951.912500,8346.588750
7898.931250,8302.431875

8269.800000,8611.530000
8216.818750,8567.373125

8269.800000,8611.530000
8216.818750,8567.373125

8232.198125,8677.455000
8216.818750,8567.373125

8163.837500,8523.216250
8216.818750,8567.373125

8057.875000,8434.902500
8110.856250,8479.059375

8163.837500,8523.216250
8110.856250,8479.059375

7422.100000,7905.020000
7475.081250,7949.176875

7422.100000,7905.020000
7475.081250,7949.176875

7528.062500,7993.333750
7475.081250,7949.176875

7634.025000,8081.647500
7581.043750,8037.490625

7528.062500,7993.333750
7581.043750,8037.490625

7634.025000,8081.647500
7687.006250,8125.804375

7739.987500,8169.961250
7687.006250,8125.804375

7845.950000,8258.275000
7792.968750,8214.118125

7739.987500,8169.961250
7792.968750,8214.118125

4867.965000,2318.860000
4827.881250,2376.572500

4787.797500,2434.285000
4827.881250,2376.572500

4707.630000,2549.710000
4747.713750,2491.997500

4707.630000,2549.710000
4747.713750,2491.997500

4640.522500,2531.342500
4747.713750,2491.997500

4787.797500,2434.285000
4747.713750,2491.997500

4867.965000,2318.860000
4908.048750,2261.147500

4948.132500,2203.435000
4908.048750,2261.147500

5028.300000,2088.010000
4988.216250,2145.722500

4948.132500,2203.435000
4988.216250,2145.722500

5188.635000,1857.160000
5228.718750,1799.447500

5268.802500,1741.735000
5228.718750,1799.447500

5348.970000,1626.310000
5308.886250,1684.022500

5348.970000,1626.310000
5308.886250,1684.022500

5268.802500,1741.735000
5308.886250,1684.022500

5188.635000,1857.160000
5148.551250,1914.872500

5108.467500,1972.585000
5148.551250,1914.872500

5028.300000,2088.010000
5068.383750,2030.297500

5108.467500,1972.585000
5068.383750,2030.297500

7384.440000,7283.820000
7341.805000,7221.427500

7384.440000,7283.820000
7341.805000,7221.427500

7299.170000,7159.035000
7341.805000,7221.427500

7213.900000,7034.250000
7256.535000,7096.642500

7299.170000,7159.035000
7256.535000,7096.642500

7043.360000,6784.680000
7085.995000,6847.072500

7128.630000,6909.465000
7085.995000,6847.072500

7213.900000,7034.250000
7171.265000,6971.857500

7128.630000,6909.465000
7171.265000,6971.857500

7043.360000,6784.680000
7000.725000,6722.287500

6958.090000,6659.895000
7000.725000,6722.287500

6872.820000,6535.110000
6915.455000,6597.502500

6958.090000,6659.895000
6915.455000,6597.502500

6872.820000,6535.110000
6830.185000,6472.717500

6787.550000,6410.325000
6830.185000,6472.717500

6702.280000,6285.540000
6744.915000,6347.932500

6702.280000,6285.540000
6744.915000,6347.932500

6787.550000,6410.325000
6744.915000,6347.932500

5784.745000,8890.535000
5847.145625,8933.906875

5909.546250,8977.278750
5847.145625,8933.906875

6034.347500,9064.022500
5971.946875,9020.650625

5909.546250,8977.278750
5971.946875,9020.650625

6283.950000,9237.510000
6221.549375,9194.138125

6283.950000,9237.510000
6221.549375,9194.138125

6159.148750,9150.766250
6221.549375,9194.138125

6034.347500,9064.022500
6096.748125,9107.394375

6159.148750,9150.766250
6096.748125,9107.394375

5784.745000,8890.535000
5722.344375,8847.163125

5659.943750,8803.791250
5722.344375,8847.163125

5535.142500,8717.047500
5597.543125,8760.419375

5659.943750,8803.791250
5597.543125,8760.419375

5285.540000,8543.560000
5347.940625,8586.931875

5410.341250,8630.303750
5347.940625,8586.931875

5535.142500,8717.047500
5472.741875,8673.675625

5410.341250,8630.303750
5472.741875,8673.675625

193.945000,8984.815000
168.341250,9060.946250

142.737500,9137.077500
168.341250,9060.946250

91.530000,9289.340000
117.133750,9213.208750

91.530000,9289.340000
117.133750,9213.208750

157.308750,9326.952500
117.133750,9213.208750

142.737500,9137.077500
117.133750,9213.208750

193.945000,8984.815000
219.548750,8908.683750

245.152500,8832.552500
219.548750,8908.683750

296.360000,8680.290000
270.756250,8756.421250

245.152500,8832.552500
270.756250,8756.421250

501.190000,8071.240000
475.586250,8147.371250

501.190000,8071.240000
475.586250,8147.371250

449.982500,8223.502500
475.586250,8147.371250

398.775000,8375.765000
424.378750,8299.633750

449.982500,8223.502500
424.378750,8299.633750

296.360000,8680.290000
321.963750,8604.158750

347.567500,8528.027500
321.963750,8604.158750

398.775000,8375.765000
373.171250,8451.896250

347.567500,8528.027500
373.171250,8451.896250

3190.160000,8923.980000
3131.749375,8989.643125

3190.160000,8923.980000
3131.749375,8989.643125

3073.338750,9055.306250
3131.749375,8989.643125

2956.517500,9186.632500
3014.928125,9120.969375

3073.338750,9055.306250
3014.928125,9120.969375

2722.875000,9449.285000
2781.285625,9383.621875

2839.696250,9317.958750
2781.285625,9383.621875

2956.517500,9186.632500
2898.106875,9252.295625

2839.696250,9317.958750
2898.106875,9252.295625

2255.590000,9974.590000
2314.000625,9908.926875

2255.590000,9974.590000
2314.000625,9908.926875

2372.411250,9843.263750
2314.000625,9908.926875

2489.232500,9711.937500
2430.821875,9777.600625

2372.411250,9843.263750
2430.821875,9777.600625

2722.875000,9449.285000
2664.464375,9514.948125

2606.053750,9580.611250
2664.464375,9514.948125

2489.232500,9711.937500
2547.643125,9646.274375

2606.053750,9580.611250
2547.643125,9646.274375

1222.625000,6255.797500
1133.543750,6220.021875

1044.462500,6184.246250
1133.543750,6220.021875

866.300000,6112.695000
955.381250,6148.470625

1044.462500,6184.246250
955.381250,6148.470625

1222.625000,6255.797500
1311.706250,6291.573125

1400.787500,6327.348750
1311.706250,6291.573125

1578.950000,6398.900000
1489.868750,6363.124375

1578.950000,6398.900000
1489.868750,6363.124375

1400.787500,6327.348750
1489.868750,6363.124375

509.975000,5969.592500
420.893750,5933.816875

331.812500,5898.041250
420.893750,5933.816875

153.650000,5826.490000
242.731250,5862.265625

153.650000,5826.490000
242.731250,5862.265625

331.812500,5898.041250
242.731250,5862.265625

509.975000,5969.592500
599.056250,6005.368125

688.137500,6041.143750
599.056250,6005.368125

866.300000,6112.695000
777.218750,6076.919375

688.137500,6041.143750
777.218750,6076.919375

8761.359375,9430.860000
8851.005703,9483.832500

8940.652031,9536.805000
8851.005703,9483.832500

9119.944687,9642.750000
9030.298359,9589.777500

8940.652031,9536.805000
9030.298359,9589.777500

9119.944687,9642.750000
9209.591016,9695.722500

9299.237344,9748.695000
9209.591016,9695.722500

9478.530000,9854.640000
9388.883672,9801.667500

9478.530000,9854.640000
9388.883672,9801.667500

9299.237344,9748.695000
9388.883672,9801.667500

8761.359375,9430.860000
8671.713047,9377.887500

8582.066719,9324.915000
8671.713047,9377.887500

8402.774063,9218.970000
8492.420391,9271.942500

8582.066719,9324.915000
8492.420391,9271.942500

8402.774063,9218.970000
8313.127734,9165.997500

8223.481406,9113.025000
8313.127734,9165.997500

8044.188750,9007.080000
8133.835078,9060.052500

8223.481406,9113.025000
8133.835078,9060.052500

