236.067500,599.312000
174.806083,612.928333

113.544667,626.544667
174.806083,612.928333

378.527333,279.775333
433.453667,241.622667

488.380000,203.470000
433.453667,241.622667

378.527333,279.775333
311.495167,276.142667

244.463000,272.510000
311.495167,276.142667

378.527333,279.775333
322.812583,355.634833

334.130000,435.127000
322.812583,355.634833

244.463000,272.510000
322.812583,355.634833

311.495167,276.142667
322.812583,355.634833

660.396000,202.162000
574.388000,202.816000

488.380000,203.470000
574.388000,202.816000

113.544667,626.544667
102.703333,539.234333

91.862000,451.924000
102.703333,539.234333

174.806083,612.928333
102.703333,539.234333

236.067500,599.312000
327.388500,598.509250

418.709500,597.706500
327.388500,598.509250

334.130000,435.127000
330.759250,516.818125

418.709500,597.706500
330.759250,516.818125

327.388500,598.509250
330.759250,516.818125

639.787000,594.135000
611.484000,506.415500

583.181000,418.696000
611.484000,506.415500

378.527333,279.775333
380.924583,165.093583

328.395500,88.564500
380.924583,165.093583

488.380000,203.470000
380.924583,165.093583

433.453667,241.622667
380.924583,165.093583

566.472000,15.799333
570.430000,109.307667

488.380000,203.470000
570.430000,109.307667

574.388000,202.816000
570.430000,109.307667

115.694000,80.152000
72.102000,164.892000

28.510000,249.632000
72.102000,164.892000

244.463000,272.510000
158.282500,218.701000

72.102000,164.892000
158.282500,218.701000

418.709500,597.706500
515.096750,552.061000

611.484000,506.415500
515.096750,552.061000

