378.527333,279.775333
236.067500,599.312000
328.395500,88.564500
113.544667,626.544667
334.130000,435.127000
91.862000,451.924000
115.694000,80.152000
660.396000,202.162000
244.463000,272.510000
418.709500,597.706500
566.472000,15.799333
28.510000,249.632000
488.380000,203.470000
639.787000,594.135000
583.181000,418.696000
174.806083,612.928333
433.453667,241.622667
311.495167,276.142667
322.812583,355.634833
574.388000,202.816000
102.703333,539.234333
327.388500,598.509250
330.759250,516.818125
611.484000,506.415500
380.924583,165.093583
570.430000,109.307667
72.102000,164.892000
158.282500,218.701000
515.096750,552.061000
